# top 500 domains in the march 2017 common crawl dataset. came from either their
# stats somewhere in s3://commoncrawl/ , or from http://webdatacommons.org/ .
# not sure which or where exactly.

blogspot.com 138413103 138144478 4088630
wordpress.com 27347890 27235500 1175781
fc2.com 14509601 14484528 311216
wikipedia.org 11353677 11019649 579
wikia.com 10608630 10597705 24550
exblog.jp 7040928 7036690 97687
pinterest.com 5101211 5061263 40
pixnet.net 4800325 4800024 20562
cocolog-nifty.com 3224342 3223918 23220
hatenablog.com 3167206 3165693 48970
google.com 3131927 3093761 158
typepad.com 2742738 2740516 46719
reuters.com 2682830 2642206 58
cbslocal.com 2286507 2283125 351
seesaa.net 2205320 2200233 55541
hotels.com 1986125 1915508 80
iheart.com 1978152 1974900 886
yahoo.com 1965177 1915880 912
blogspot.co.uk 1950311 1944385 95517
photobucket.com 1864761 1862695 2689
tripadvisor.com 1777902 1619416 14
oclc.org 1658538 1657021 710
rakuten.co.jp 1654160 1572028 227
wiktionary.org 1584846 1579151 257
made-in-china.com 1497319 1497005 7295
flightaware.com 1473063 1472079 21
epicsports.com 1459644 1458231 17
blogspot.com.es 1459488 1455761 110795
mail.ru 1372032 1371699 215
thefreedictionary.com 1343544 1325688 34
yahoo.co.jp 1342376 1320924 362
smugmug.com 1299198 1298854 21046
wsj.com 1234287 1109279 81
pornhub.com 1213426 1207639 14
blogspot.ca 1208865 1205653 64557
mlb.com 1194789 1173365 144
youporn.com 1185569 1178215 8
academic.ru 1154930 1154918 147
oodle.com 1104383 1094952 217
sourceforge.net 1087947 1071077 25359
photoshelter.com 1083396 1082558 6060
cheezburger.com 1077853 1076867 6020
canalblog.com 1074535 1066393 36426
over-blog.com 1041940 1040003 36983
slideshare.net 1025383 1020325 6
cnn.com 1014729 1010817 118
microsoft.com 997428 930005 236
dreamstime.com 959473 957907 14
europa.eu 947478 928188 511
ucoz.ru 926504 925377 8368
polyvore.com 923871 921811 510530
blogspot.fr 917246 915926 54331
goo.ne.jp 908107 902955 97
rivals.com 904874 881577 226
justia.com 904445 902332 89
hatena.ne.jp 893972 892617 1481
hateblo.jp 883655 883330 7820
illinois.edu 879154 820860 1340
weebly.com 875736 870560 135154
sparkpeople.com 862257 834527 15
findacase.com 837412 837411 52
scout.com 823240 822658 21
vimeo.com 819701 815023 6
foodily.com 818278 797842 2
free.fr 817765 815833 36913
umich.edu 816666 813087 1245
hockeysfuture.com 803699 798472 5
ccc.edu 795886 794885 13
slashdot.org 793264 789800 57
indeed.com 777807 776889 49
urbandictionary.com 777772 504639 4
funnyjunk.com 769916 769864 2
pandora.com 768471 768399 9
worldcat.org 761818 751082 821
livejournal.com 755006 754571 160004
loc.gov 754031 751544 44
apache.org 743771 735430 353
videochat20.com 742781 742781 51
ancestry.com 739935 736650 101
businessinsider.com 727249 718080 30
2ch.net 727100 726952 396
hh.ru 695834 695816 1172
yandex.ru 690015 682061 102
marketwatch.com 687699 663989 13
at.ua 686314 685884 5033
tube8.com 681918 677723 6
spb.ru 678898 677826 5224
tumblr.com 676631 639288 5
nih.gov 675118 666607 488
wordpress.org 673168 661215 222
forumactif.com 668897 667822 3262
bandcamp.com 667447 651683 71517
sapo.pt 665545 664693 6785
economist.com 664404 661891 58
blogspot.de 657442 655286 45229
blogspot.com.au 654922 653299 37061
freecode.com 649263 630839 8
hatenablog.jp 648872 648592 6717
latimes.com 646363 584994 65
webry.info 645812 645676 11475
alibaba.com 644674 644488 25849
all.biz 640981 639152 3674
ucoz.com 639371 639142 4653
boxofficemojo.com 638936 626881 2
hittrackeronline.com 633993 633993 2
forumotion.com 630262 629213 8307
nytimes.com 627328 620974 164
stlouisfed.org 625179 620745 17
rt.com 624316 620300 18
yoo7.com 619219 619045 7414
flamp.ru 610694 610690 32
blogspot.com.br 609210 607443 85635
debian.org 609204 600743 239
ubuntu.com 609107 600104 193
apple.com 608639 568928 1509
theday.com 606954 579721 8
korrespondent.net 602359 602293 10
duolingo.com 601966 601933 32
idnes.cz 601275 598067 4536
chron.com 598562 588179 26
insidehoops.com 597324 597173 2
dx.com 595635 593479 10
beau-coup.com 595158 553780 4
kudzu.com 594145 587552 4
metmuseum.org 594092 590875 12
diaperswappers.com 592719 592716 2
cafemom.com 591847 591007 6
chiefsplanet.com 591825 584577 5
skyrock.com 591700 590385 114430
tcm.com 588275 587292 20
telegraph.co.uk 580894 567639 55
newgrounds.com 578855 578555 83640
gizmodo.com 576487 539611 9
whatschat.org 575923 575923 50
squarespace.com 575793 573053 15136
goomegle.com 574601 574601 51
reference.com 565085 563312 10
audible.com 564715 561807 5
ning.com 562775 557385 2938
knack.be 562088 561857 40
lexpress.fr 559955 559196 28
ebay.com 553648 552887 170
imdb.com 544160 534991 23
tripod.com 544022 539661 74694
theguardian.com 540915 487516 30
ice.com 539814 537027 2
cnbc.com 539581 517891 21
texasmotorspeedway.com 539044 539040 1
zedge.net 537814 537532 9
youtube.com 537469 531994 12
oneindia.com 536734 533938 15
superherohype.com 535934 535378 5
sears.com 534095 532506 17
imagekind.com 533581 533167 151
weau.com 529517 529516 1
scribd.com 526486 509298 41
snagajob.com 524746 515944 6
chicagotribune.com 523960 507246 44
clinicaltrials.gov 523686 523101 5
tulp.ru 523631 523631 116
sfgate.com 522183 512907 20
fixya.com 521128 521107 2
orangemane.com 520835 520821 2
bbc.co.uk 518490 500242 33
shopworldkitchen.com 516097 516083 1
opensecrets.org 514996 512318 2
thestreet.com 514790 513410 20
fandango.com 512965 501780 5
espn.com 512901 500577 22
rediff.com 512307 511557 67
summitpost.org 511290 510615 3
so-net.ne.jp 511225 509579 18501
foxnews.com 510271 503359 23
camaro5.com 510220 510219 1
wikimedia.org 510171 506315 141
kayak.com 507318 470276 7
blogspot.it 506156 504860 36216
dgcoursereview.com 505291 499652 2
tigerdroppings.com 504475 502929 1
csmonitor.com 504321 496332 13
weatherbug.com 504068 344720 16
dpreview.com 501224 498020 2
genealogy.com 501140 490178 4
bleacherreport.com 500049 490289 13
lowcarbfriends.com 499213 498695 2
cisco.com 497867 489513 93
bullshido.net 497321 497283 2
last.fm 496505 493694 12
tmz.com 494939 493850 3
163.com 492775 492487 9219
upi.com 491833 491559 11
fangraphs.com 491714 486915 2
blogspot.jp 489412 489145 23389
nii.ac.jp 489225 488733 369
godtube.com 486926 486749 2
funnyordie.com 486905 484459 3
mobygames.com 486819 486756 1
hometownlocator.com 486575 485986 55
wakeworld.com 486323 481812 2
nbcsports.com 485922 480993 29
abbreviations.com 485748 484959 1
mozilla.org 485190 461718 65
revues.org 483229 474889 459
jjill.com 482749 479872 6
imgur.com 482490 482381 15049
bestbuy.com 482069 443457 20
appbrain.com 481932 481914 4
agoda.com 481047 480105 9
wikidata.org 480904 480823 5
quiltingboard.com 480274 455086 2
brothersoft.com 480110 480020 2122
osnews.com 479644 479226 3
aceshowbiz.com 479246 476288 2
wunderground.com 479200 443206 60
cricketarchive.com 478670 478670 7
partsgeek.com 478003 477775 1
moddb.com 477049 476955 24
godlikeproductions.com 476643 469605 1
hubpages.com 476101 414930 4
bikeforums.net 475526 471838 3
philips.com 474879 473217 79
musicnotes.com 474787 467212 2
zappos.com 473407 471661 11
freelancer.com 473348 467899 10
drugs.com 473252 473170 3
etsy.com 472466 463227 4
foroactivo.com 471756 470919 7387
staples.com 471571 447717 20
bandsintown.com 471367 469839 10
sitepoint.com 470017 390192 3
bigmir.net 469577 469326 40
hifi-forum.de 469539 469439 1
meetingroulette.com 468402 468402 52
starizona.com 467457 467256 2
about.me 466920 463492 4
fool.com 466710 465818 13
experts-exchange.com 465077 465000 5
fleaflicker.com 464927 464883 2
yourdictionary.com 464683 464169 22
instagram.com 464617 455227 9
lyricsfreak.com 464474 458953 1
unsplash.com 463474 463192 11
blowoutcards.com 463342 462211 1
food.com 462217 436716 38
ebay.ca 461301 461150 96
grabcad.com 461291 461245 6
dictionary.com 459759 400787 8
diyaudio.com 459465 457729 2
ebaumsworld.com 457506 456445 5
steepster.com 457070 456155 1
instructables.com 457048 451211 3
beeradvocate.com 456685 423011 3
my-shop.ru 455773 455550 2
mysanantonio.com 455271 452783 13
votesmart.org 454688 448020 3
intellicast.com 454309 453835 9
tripadvisor.cl 453963 439682 1
e46fanatics.com 453692 453629 6
moc-pages.com 453666 423783 2
blackhatworld.com 453500 453071 1
lakeshorelearning.com 452998 452997 7
skysports.com 452509 446418 11
woot.com 451194 441014 17
causes.com 450883 449271 4
freesound.org 450740 450712 5
congress.gov 450259 449350 4
cruisemates.com 449400 447304 4
vesalia.de 448848 448846 1
newegg.com 447742 441046 11
findagrave.com 447458 447443 7
meta.ua 447061 446737 107
juegostin.com 447032 447031 2839
warrior.com 446494 446169 2
torrentdownloads.me 446240 446185 1
repec.org 445416 443893 20
deseretnews.com 445381 388234 34
abc.net.au 445370 438574 33
brazzers.com 444416 413247 26
ultrasignup.com 444179 442944 1
shopbop.com 443808 433390 4
tripadvisor.com.mx 443331 400337 1
sherdog.com 443011 441583 6
dhgate.com 442883 442760 19
maxbimmer.com 442834 442518 2
jabong.com 442495 442489 2
jugem.jp 442392 442027 28977
edmunds.com 442261 427882 7
gentoo.org 442030 437977 28
kunsthaus.ch 440933 440738 1
corriere.it 440516 439163 2175
tripadvisor.com.tw 440422 388575 1
modelmayhem.com 440321 439134 4
tripadvisor.com.ve 440130 422299 1
tripadvisor.se 439703 391563 1
citationmachine.net 437854 437842 2
datajoe.com 437757 437757 2
tripadvisor.nl 437681 393330 2
linternaute.com 436974 435676 27
issuu.com 435688 435498 6
tripadvisor.com.my 435557 391935 1
blog.jp 434860 429746 7646
tripadvisor.in 434257 397345 1
engadget.com 434253 339742 13
snooth.com 433783 395246 6
6pm.com 433425 433059 5
tripadvisor.dk 432837 384181 1
behance.net 432028 423818 4
tripadvisor.com.br 431763 386746 2
oup.com 431616 424826 17
archive.org 431562 428691 40
sidereel.com 431256 428382 4
uol.com.br 430697 425585 1718
en-japan.com 430605 430444 10
gymboree.com 430457 419676 5
umterps.com 430154 429355 2
giants.com 430042 429911 6
cambridge.org 430023 425623 36
tripadvisor.co.kr 429739 378096 1
dafont.com 429065 428981 1
tripadvisor.jp 428934 374667 3
pacersdigest.com 428633 428582 2
wineexpress.com 428230 428028 3
espncricinfo.com 428185 427155 5
filmibeat.com 426992 426241 9
stanford.edu 426617 411608 1624
dailytech.com 425994 425991 8
metoperashop.org 425606 425600 2
experienceproject.com 425358 423522 1
lumberjocks.com 425199 424993 1
infoplease.com 424491 423576 3
tripadvisor.ca 424281 388231 4
geni.com 424269 421499 3
lomography.com 423941 422826 7
go.com 423898 411993 90
realself.com 422293 421365 8
tripadvisor.it 421608 387096 2
tripadvisor.co.id 421113 374652 1
m3post.com 420757 415307 2
pet360.com 420611 420559 1
tripadvisor.com.gr 420533 372563 1
blogspot.in 420229 419516 41524
thetimes.co.uk 420182 418279 6
globo.com 420086 418582 213
x17online.com 419256 419135 2
ahlamontada.com 419013 418689 2925
lids.com 418827 417634 2
teacherspayteachers.com 418744 410533 9
dresslily.com 418538 418526 7
idahoptv.org 418522 363537 7
comicbookdb.com 418196 417818 2
bio-medicine.org 418118 345238 6
wiihacks.com 418059 397316 1
weheartit.com 417632 417425 2
ehc.com 417620 416850 169
unt.edu 417135 416376 380
healthgrades.com 417048 391271 19
nba.com 417047 411554 103
cpan.org 416736 404114 7
cargurus.com 416717 414970 4
vipergirls.to 416623 416623 1
eclipse.org 416482 415551 29
ksl.com 416345 415349 13
tripadvisor.ru 415865 372963 1
data18.com 415334 415332 1
cnet.com 415199 335364 19
splitcoaststampers.com 414375 411172 28
betterworldbooks.com 414002 413978 6
kotaku.com 413907 388559 7
partselect.com 412990 412819 1
invaluable.com 412792 411628 3
fishki.net 412657 412626 3
memegenerator.net 412530 412215 27
mangareader.net 412472 412372 15
wowdb.com 411921 410619 2
head-fi.org 411651 400058 3
hostelworld.com 411442 408664 23
archlinux.org 410852 383208 7
ultimate-guitar.com 410241 408907 9
tripadvisor.de 408980 389603 2
ebay.co.uk 408937 407756 62
mmo-champion.com 408331 408273 4
digitaltrends.com 408026 407346 20
styleforum.net 407928 406119 3
ibegin.com 407675 407189 6
marriott.com 407569 375716 43
cosplay.com 407484 407472 8
greatlakes4x4.com 407112 407096 1
skroutz.gr 407028 406913 4
toysrus.com 406801 362876 10
gamefaqs.com 406782 400813 2
popsugar.com 406543 391873 405
thesaurus.com 405785 404524 4
independent.co.uk 405276 402467 22
weather.gov 404118 402527 33
animaldiversity.org 404073 403519 1
basenotes.net 403869 400819 1
myproviderguide.com 403856 403484 1
mtv.fi 403645 403578 4
tripadvisor.es 403557 389248 2
burdastyle.com 403268 402989 2
virgilio.it 403209 402222 565
lyricsmode.com 403124 401972 2
iconfinder.com 403035 403016 4
movies.com 402996 402991 1
backcountry.com 402718 389493 5
bimmerfest.com 402608 402253 5
focusfanatics.com 402405 389976 1
voanews.com 402356 399247 19
vrbo.com 402163 350583 4
beesource.com 401751 401697 2
tvtropes.org 401625 398338 1
applecentral.com 401548 401505 3
e90post.com 400869 393797 1
bhphotovideo.com 400729 395130 3
check-my-ip.net 400600 400600 1
tripadvisor.co.uk 400209 390172 1
tvguide.com 399390 330817 4
blackhairmedia.com 399312 399109 3
timesunion.com 398427 396506 19
sabah.com.tr 397371 397315 7
orthodoxwiki.org 397324 397019 12
bloodhorse.com 396586 389941 10
legacy.com 396577 394415 14
directorio-foros.com 396093 395833 1
the-house.com 395937 395730 2
search.ch 395762 395265 21
denik.cz 395574 395452 86
schooluniformshop.co.uk 394478 394478 1
northernsun.com 394032 394032 2
orlandosentinel.com 393751 365394 22
repairpal.com 393452 390981 2
vitals.com 393444 393097 4
dailypuppy.com 392380 392106 2
mobafire.com 392053 392043 2
prezi.com 391812 391070 5
tradeatlas.com 391579 391579 1
wamba.com 391449 298891 4
nasa.gov 391323 362342 594
msn.com 391163 390188 80
auswaertiges-amt.de 390185 390118 2
tripadvisor.com.ar 390170 351394 1
usc.edu 389766 386581 759
modmyi.com 389687 387874 3
decitre.fr 389213 389197 1
si.edu 389116 385370 212
collinsdictionary.com 388738 388662 1
hvmag.com 388314 388273 3
gamershell.com 388266 387937 1
narod.ru 388225 387723 24829
tripadvisor.com.au 388085 355251 2
justporno.tv 387851 387851 24
dropbooks.tv 387823 387817 19
testfreaks.com 387377 386996 1
bookrags.com 387366 385285 2
aljazeera.net 386335 386193 26
tripadvisor.fr 385622 372002 2
tripadvisor.com.eg 385494 341854 1
unesco.org 385404 379763 76
pokerstrategy.com 384910 384865 14
tripadvisor.ie 384664 351777 1
cornell.edu 384345 370625 1356
usu.edu 384295 383183 406
techtarget.com 383686 375302 94
php.net 382863 378633 142
helmutlang.com 382752 381260 1
chocolatetradingco.com 382524 382517 1
steampowered.com 382412 376387 16
ca.gov 382136 376587 1435
welt.de 381754 380533 56
gabar.org 381623 381576 2
sakura.ne.jp 381369 380119 13628
remax.com 381130 380035 566
gameboomers.com 381018 381017 3
nj.com 380787 380736 32
kohls.com 380665 368587 11
beboo.ru 380436 380375 2
allnurses.com 380107 379804 3
adobe.com 379724 372418 122
morewords.com 379655 379654 1
tripadvisor.com.tr 379365 338449 1
hulu.com 378597 255073 7
wikitravel.org 378532 378368 2
couples.com 378028 378004 4
blip.fm 377753 377333 5
tunes.zone 377102 377065 10
tripadvisor.com.sg 377007 343659 1
gardeners.com 376960 372401 3
conservativeunderground.com 376859 376856 1
peakbagger.com 376800 376761 2
philly.com 376564 376077 17
mcall.com 376528 362310 16
vibbo.com 376134 374580 13
sammydress.com 376119 375925 11
biblegateway.com 375975 361336 3
yourlisten.com 375921 375913 1
idaho.gov 375777 375136 209
serebiiforums.com 375254 375172 1
noaa.gov 375223 373818 495
souq.com 374641 369992 13
songlyrics.com 374602 374253 2
